1
29 131
0 913 280 401 906 468 410 652 822 734 875 532 979 902 734 604 269 806 780 378 942 103 837 422 192 152 580 941 14 86 736 444 971 802 8 606 268 789 781 518 350 944 542 741 203 234 223 583 37 974 874 798 411 722 866 392 98 32 531 34 534 976 127 708 255 917 503 186 916 723 447 982 749 155 563 288 650 726 410 741 962 531 932 836 249 68 21 547 845 72 857 630 179 38 744 218 758 705 656 94 613 240 995 50 98 807 485 531 406 853 584 442 873 375 148 56 950 604 363 588 142 637 260 632 416 83 144 995 923 448 0
139 588 623 186 297 473 408 923 311 850 62 154 812 120 185 948 785 104 722 422 77 253 347 490 155 113 970 230 247 798 284 705 552 538 549 643 887 546 175 673 701 319 993 635 693 452 132 210 109 941 840 944 595 207 68 850 298 237 543 413 699 582 348 631 769 414 373 313 731 768 531 762 87 320 750 408 517 912 834 886 153 727 99 535 257 831 950 518 4 346 518 517 252 808 79 312 13 724 705 876 955 387 793 335 383 347 180 965 854 207 664 727 861 764 652 490 823 437 354 753 853 236 901 383 917 729 732 223 279 975 188
137 8 44 64 105 353 629 811 763 465 221 682 614 396 259 734 247 713 453 93 406 759 952 621 264 301 82 342 842 682 491 334 246 623 578 74 296 997 502 778 0 700 699 481 102 346 266 997 386 207 961 195 653 476 109 963 514 658 689 302 159 126 269 720 970 760 695 966 495 19 800 453 321 36 800 595 526 826 74 293 896 886 50 838 948 511 350 337 618 217 735 387 67 19 984 392 896 759 795 402 693 827 597 539 179 429 852 291 404 139 343 295 845 513 522 447 835 333 68 483 292 208 193 978 464 166 268 973 647 479 444
940 240 733 606 773 62 501 619 273 600 139 836 178 794 615 723 993 576 718 396 792 758 528 56 972 815 845 167 982 746 908 296 12 814 924 67 629 841 35 88 806 87 60 359 746 963 793 158 667 911 264 989 621 81 58 413 244 758 488 844 263 887 603 239 439 695 661 938 283 487 844 904 434 865 467 498 727 460 595 818 382 636 235 364 602 294 391 858 11 637 623 132 607 226 799 467 763 521 432 32 437 177 159 903 961 212 764 809 351 865 154 693 256 263 803 194 669 686 672 733 234 52 981 330 713 878 799 374 137 917 174
331 188 195 398 91 125 305 840 771 381 220 156 946 286 849 708 725 94 834 588 345 667 392 602 653 765 895 787 173 782 432 312 785 964 994 172 346 371 277 407 131 521 893 79 664 477 500 680 905 862 252 89 118 645 394 858 581 631 528 836 176 993 817 98 401 416 496 200 883 302 956 11 963 765 342 952 986 546 474 472 395 159 627 810 738 932 92 967 555 854 14 518 327 417 736 252 869 397 875 910 699 246 620 331 344 84 373 826 588 559 455 472 994 573 399 101 332 0 147 802 680 538 301 333 994 392 667 645 691 192 987
253 315 333 497 314 707 381 515 236 597 561 334 103 646 367 680 835 579 983 514 956 168 259 359 347 56 137 259 887 663 12 737 998 695 879 479 991 988 934 242 908 455 398 957 39 735 704 830 977 935 646 694 984 984 418 696 90 430 275 22 859 38 277 127 554 192 659 904 986 542 752 404 941 402 925 277 645 168 212 341 133 259 343 488 355 746 222 380 636 358 948 378 858 278 242 163 221 750 801 984 98 295 511 99 460 887 796 318 988 132 696 394 311 589 262 317 342 521 862 378 979 340 79 547 278 518 547 394 426 879 862
213 968 354 849 406 654 479 282 154 468 424 339 528 152 687 374 330 206 60 80 460 36 567 922 795 521 920 538 811 851 159 498 419 915 717 762 716 175 942 631 529 309 20 959 299 137 845 708 700 52 41 852 344 325 455 880 125 711 504 638 594 793 618 343 932 873 884 27 249 47 475 195 434 503 894 953 447 523 243 352 850 216 262 804 908 782 389 924 425 695 190 87 795 895 358 57 380 873 85 341 413 493 708 524 647 802 13 847 535 721 421 312 473 251 192 326 629 658 332 199 626 352 895 722 910 560 488 18 692 857 731
523 431 0 173 95 330 212 79 932 595 972 793 238 555 434 702 41 998 563 157 903 719 24 810 977 913 886 789 899 876 972 855 854 112 680 320 90 641 293 785 434 562 394 269 174 929 636 893 393 537 855 756 200 249 254 846 463 460 250 210 410 758 742 108 378 855 28 436 633 734 14 14 598 540 874 697 480 5 810 995 871 402 548 125 733 300 489 532 541 5 206 535 875 799 447 954 119 155 701 912 298 52 452 980 938 733 290 82 360 188 92 259 1 684 740 938 228 554 29 325 510 347 113 63 202 424 873 106 79 899 220
33 155 180 253 430 110 982 940 205 739 690 392 547 709 791 161 389 506 257 538 310 660 967 212 396 858 64 7 959 572 613 544 254 804 386 841 277 844 449 263 889 478 593 656 398 914 526 139 625 95 346 109 868 189 405 275 687 981 980 695 40 132 690 599 706 728 419 717 292 478 216 575 745 107 159 894 516 24 924 463 556 385 971 7 147 569 842 93 214 551 693 219 734 634 18 788 612 146 413 759 582 203 905 285 162 491 509 533 702 679 294 829 218 911 571 878 644 318 801 936 385 925 57 829 363 229 539 920 287 817 599
153 779 98 370 608 132 449 145 131 432 609 177 244 146 306 394 555 682 71 510 472 307 802 478 877 916 366 267 345 93 214 770 831 380 7 160 291 6 258 378 450 808 491 37 693 93 99 884 47 330 849 369 155 480 466 301 428 462 319 655 529 479 996 132 692 951 250 738 420 170 308 875 161 303 273 897 63 362 699 379 960 994 829 180 251 155 763 316 941 346 141 854 350 696 135 440 410 961 492 11 960 827 30 686 290 107 472 74 771 961 730 933 622 319 224 196 617 325 973 165 795 370 522 751 282 279 830 930 165 166 396
125 223 754 969 596 855 725 900 233 662 289 281 568 152 52 169 611 344 948 691 820 605 228 134 436 412 437 307 798 647 807 447 626 889 441 927 156 326 141 198 248 230 404 472 691 524 750 448 169 175 322 837 827 321 537 446 673 760 699 879 103 716 137 272 394 731 880 875 18 117 750 198 562 95 798 852 186 154 360 733 273 6 219 155 368 640 774 390 128 665 604 526 803 212 790 911 509 774 628 734 984 602 140 348 131 158 59 41 293 716 767 514 972 827 365 911 880 471 910 611 788 461 601 39 976 37 214 505 762 722 309
795 682 402 560 937 798 473 900 353 768 700 280 995 929 360 153 743 535 948 793 20 560 644 93 277 637 815 325 597 558 281 198 550 583 730 591 276 676 86 376 134 563 317 98 462 227 234 325 554 284 434 231 492 719 715 523 532 736 12 93 848 465 717 744 858 508 722 697 954 637 385 596 827 732 306 445 973 736 144 1 611 582 268 222 328 4 852 166 694 373 308 250 388 922 683 830 882 917 145 515 395 331 993 232 534 387 691 963 39 189 555 932 814 637 855 772 819 3 777 484 220 869 753 602 898 954 618 879 450 594 27
407 3 941 613 527 204 882 625 427 494 657 635 131 352 923 400 375 789 902 142 916 717 308 656 311 466 130 570 116 464 610 308 405 984 668 737 422 288 877 96 824 395 397 860 165 710 990 689 766 977 159 326 256 596 267 846 736 989 887 784 561 625 853 292 587 973 360 260 224 905 13 922 781 822 493 221 846 916 141 728 841 151 469 840 851 715 263 488 19 773 794 76 96 778 586 651 170 600 333 196 551 719 735 989 85 864 428 593 257 476 18 179 323 928 1000 807 580 517 154 466 145 793 303 658 63 71 850 731 98 232 561
390 424 402 572 899 750 398 433 357 539 8 674 264 481 259 593 565 591 299 912 839 200 678 356 572 42 877 644 531 533 578 985 769 668 960 719 788 19 778 739 527 461 541 918 530 315 374 94 60 908 612 903 356 253 543 754 898 390 998 670 449 326 903 529 807 245 962 326 798 108 293 335 924 932 218 138 531 303 776 947 328 808 685 514 624 121 386 796 396 794 177 1000 264 952 649 196 153 791 413 230 562 787 653 358 700 359 911 153 884 42 164 847 66 821 243 990 138 514 279 434 103 300 55 139 77 21 543 461 643 910 466
249 870 197 817 174 287 863 501 180 820 933 522 995 736 253 307 224 592 10 326 82 554 121 839 175 875 293 127 814 27 821 645 34 175 743 614 175 801 411 729 963 732 388 397 817 99 948 281 365 498 654 940 488 594 888 26 991 225 948 718 938 206 403 319 694 235 385 132 943 927 967 101 993 681 918 798 115 716 12 990 207 125 134 588 309 850 706 424 867 378 261 327 978 326 113 298 309 735 678 209 162 577 294 772 236 136 524 130 193 207 309 502 622 801 420 636 90 530 529 683 270 373 902 928 157 460 89 76 936 288 558
984 450 997 569 941 34 83 155 461 433 967 902 740 671 202 238 749 354 113 47 454 831 51 869 638 66 594 533 793 521 172 624 895 446 928 445 66 340 102 554 664 590 309 351 45 365 826 216 135 518 863 751 333 892 853 248 82 508 594 293 827 275 499 772 59 337 536 37 252 674 492 262 609 706 765 461 802 1000 752 755 317 173 581 951 751 435 553 699 701 351 697 111 392 459 996 365 585 964 729 662 865 601 903 838 309 979 782 529 97 677 379 183 567 317 300 252 169 556 90 512 23 383 261 756 21 659 441 533 137 317 911
76 701 210 64 156 719 988 853 627 390 908 70 713 931 976 692 975 912 839 944 295 89 276 868 95 516 861 597 201 370 570 969 110 919 656 851 257 225 269 486 462 499 501 349 584 449 940 700 463 127 14 456 953 232 819 433 634 896 374 264 559 476 366 495 338 886 584 967 393 116 316 733 852 38 296 469 179 792 138 115 180 115 202 997 796 690 72 466 237 587 236 727 998 512 184 324 551 309 905 421 151 665 265 674 571 311 697 76 259 125 966 747 529 761 600 37 639 68 67 921 510 477 653 876 462 96 480 638 574 650 406
242 751 598 532 264 471 367 10 507 419 260 649 676 309 787 690 705 964 874 710 8 375 793 284 557 454 169 375 195 925 765 145 524 479 756 643 112 768 833 247 13 896 57 432 699 29 582 891 183 64 137 453 403 614 797 203 186 570 296 766 589 893 812 311 9 365 735 591 485 754 209 168 88 810 959 550 754 230 856 176 362 406 785 283 663 222 491 583 482 39 48 218 532 101 206 112 88 850 527 619 959 198 650 232 13 693 433 340 677 473 138 98 224 403 866 919 405 14 987 111 125 165 465 370 852 543 771 8 757 286 94
81 334 761 680 340 503 691 538 497 209 972 697 292 28 309 16 593 695 228 202 357 297 475 457 142 464 372 778 303 777 83 65 232 616 83 383 62 167 58 501 753 508 262 923 790 75 736 163 652 936 708 545 797 529 258 242 676 453 5 397 334 124 527 167 922 874 314 435 837 839 942 696 155 779 143 246 529 83 702 566 753 728 470 177 967 515 541 879 36 255 141 108 268 988 470 890 120 989 855 808 371 282 980 481 591 563 82 403 239 110 425 479 782 348 479 37 156 932 477 746 766 789 152 520 899 148 784 192 870 722 781
237 133 377 495 387 296 83 218 35 134 329 590 148 409 221 310 921 970 116 361 866 418 613 390 605 86 810 206 324 188 645 19 253 724 66 530 769 30 852 563 89 529 528 570 117 778 382 43 49 508 351 115 74 824 789 691 933 789 461 285 733 292 81 96 512 910 872 359 924 87 501 893 476 774 858 335 83 870 870 41 339 510 826 154 34 224 769 677 439 484 818 335 392 335 975 994 323 933 28 846 331 179 863 976 407 363 895 461 209 60 34 698 763 959 750 699 704 392 13 860 832 61 224 744 160 612 454 497 167 439 435
327 843 231 669 947 137 405 450 754 39 784 936 397 505 555 806 363 178 968 225 392 80 781 802 691 421 163 182 554 274 990 424 907 748 717 258 136 161 516 528 443 920 799 799 141 246 391 436 478 763 910 640 316 35 821 347 712 831 500 251 827 808 736 64 673 533 60 780 552 412 642 211 818 263 496 320 71 145 823 384 210 639 639 841 73 438 259 471 605 139 594 679 218 367 434 571 272 572 336 188 337 272 787 554 887 89 874 563 758 280 809 19 771 888 655 158 650 803 289 459 239 6 847 597 880 928 196 4 722 424 405
677 857 431 51 538 659 326 506 478 474 251 291 35 356 90 895 127 95 604 742 979 804 519 358 575 267 952 581 19 676 936 356 257 540 992 404 814 240 889 968 233 888 530 899 785 897 121 215 898 306 870 309 963 344 465 228 698 446 504 787 88 -1 246 814 270 2 207 813 331 6 458 764 893 606 986 738 27 675 733 495 160 480 677 307 330 388 802 463 430 443 608 368 976 980 592 460 730 925 515 417 308 58 715 700 528 813 766 477 116 188 923 32 532 175 6 868 786 9 667 189 168 866 262 555 392 310 119 4 934 985 744
825 89 705 672 839 865 113 551 68 783 176 17 129 970 524 941 408 369 885 659 778 797 273 963 125 373 428 838 467 477 946 836 523 532 390 467 0 310 762 983 148 961 923 501 623 246 51 190 595 719 529 98 195 3 656 179 87 453 544 121 733 657 362 765 568 809 312 178 997 519 571 387 123 773 820 787 230 254 62 511 933 65 417 795 757 281 134 962 671 491 28 539 195 509 328 60 333 685 837 63 480 923 714 651 469 609 76 999 449 660 339 813 350 870 859 318 910 103 788 240 324 853 774 519 466 4 601 752 319 755 455
62 853 113 721 787 774 174 956 45 730 260 83 210 106 556 208 93 853 183 411 686 177 464 360 16 966 992 75 62 794 208 809 82 38 5 155 880 161 300 645 542 679 99 839 346 645 306 270 481 328 547 314 364 353 119 584 188 619 834 637 774 912 215 817 901 257 175 610 430 691 867 797 146 558 785 361 55 683 679 266 527 804 267 40 368 308 145 64 397 454 384 30 581 978 540 933 391 442 651 213 910 839 12 180 648 488 674 858 868 60 994 632 757 659 381 201 516 85 391 356 956 621 231 21 740 817 110 439 799 187 362
820 629 978 880 348 867 307 955 681 44 126 547 312 40 79 516 153 182 709 154 952 791 196 648 855 268 220 102 775 35 533 318 830 894 317 583 876 783 824 269 471 218 87 672 773 115 995 100 646 14 922 193 664 574 595 941 208 896 486 762 598 861 793 35 475 500 101 555 662 550 168 320 438 879 868 841 132 579 723 106 183 873 713 102 453 770 99 21 543 267 978 64 759 815 315 116 797 494 334 33 764 4 464 785 453 901 501 601 86 532 498 43 649 352 962 817 65 254 702 263 652 834 670 420 678 783 204 568 26 964 734
639 154 787 42 116 622 900 620 840 923 950 91 817 804 490 382 41 578 101 25 36 75 836 395 114 468 588 575 74 606 144 281 510 554 695 865 432 549 86 539 442 660 178 12 620 233 187 221 316 76 134 497 154 454 709 961 145 0 440 316 25 428 86 904 841 488 407 513 301 932 155 784 191 905 875 788 92 946 924 9 702 866 869 497 93 137 418 745 651 528 678 9 879 430 517 92 839 28 763 524 523 290 596 776 820 565 528 677 585 938 588 803 2 766 14 555 855 601 761 787 209 429 300 976 238 906 423 559 840 857 17
440 894 894 541 2 889 435 68 584 343 929 340 192 692 140 557 611 309 418 668 228 247 756 800 656 346 746 189 210 621 645 68 335 495 222 934 277 992 841 616 285 461 580 266 973 938 933 838 747 946 770 997 572 207 641 705 504 370 393 620 322 929 929 593 779 268 689 961 568 519 360 117 245 529 581 110 327 980 151 713 821 51 567 168 765 429 383 169 212 199 515 523 718 612 858 245 18 436 852 634 991 968 459 728 447 127 144 653 835 104 556 452 468 661 953 759 744 777 677 31 391 971 347 422 582 814 55 344 169 906 336
449 22 589 450 286 479 964 677 549 580 944 390 392 240 742 383 729 29 373 123 573 537 513 0 400 664 472 327 530 988 92 248 167 274 592 801 657 421 197 37 60 255 983 574 669 359 448 238 719 936 11 369 218 783 948 282 217 731 255 830 483 277 915 735 299 617 229 819 747 429 267 999 130 936 15 484 568 627 106 320 10 70 688 28 656 194 514 269 906 120 282 941 991 416 344 837 275 945 188 717 892 624 607 594 396 875 672 410 629 807 563 376 613 830 524 633 797 977 393 585 268 296 572 745 14 378 773 663 879 913 804
11 689 193 783 202 572 727 341 519 304 215 107 489 648 501 569 706 137 204 756 449 166 74 551 511 530 28 605 532 788 406 928 153 171 365 658 487 81 42 631 778 437 698 286 834 263 379 463 183 920 895 903 517 868 1 696 20 895 593 516 96 889 374 402 621 0 707 9 711 243 57 804 431 908 629 885 86 703 884 573 570 851 332 964 232 473 137 893 867 45 182 588 273 230 797 688 383 900 760 542 808 359 373 297 907 13 704 187 413 510 213 42 524 683 842 131 330 461 407 740 276 128 82 415 9 259 559 720 417 133 463
